20010102    -0.04944    -0.028032
20010103     0.02823     0.050099
20010104    -0.04913    -0.010552
20010105     0.01520    -0.026242
20010108     0.01647    -0.001918
20010109    -0.01620     0.003812
20010110     0.05389     0.009586
20010111     0.00710     0.010318
20010112     0.00987    -0.006406
20010116     0.00140     0.006319
20010117     0.00000     0.002126
20010118     0.01395     0.013915
20010119     0.01926    -0.004028
20010122    -0.02294     0.000268
20010123     0.02486     0.013032
20010124    -0.06469     0.002867
20010125    -0.01297    -0.004977
20010126     0.06569    -0.001886
20010129     0.07945     0.006805
20010130    -0.01015     0.007008
20010131     0.02436    -0.005620
20010201    -0.01752     0.005461
20010202    -0.02420    -0.017474
20010205     0.00131     0.003587
20010206     0.04042    -0.001514
20010207     0.00000    -0.008408
20010208    -0.02506    -0.006235
20010209    -0.00643    -0.013336
20010212     0.03493     0.011827
20010213    -0.02750    -0.008652
20010214    -0.01542    -0.002184
20010215     0.02872     0.008124
20010216    -0.00635    -0.018905
20010220    -0.01277    -0.017357
20010221    -0.00906    -0.018508
20010222    -0.01044    -0.001952
20010223     0.00660    -0.005555
20010226     0.00262     0.017490
20010227     0.00915    -0.007660
20010228    -0.01295    -0.014309
20010301    -0.00131     0.001040
20010302    -0.00131    -0.005680
20010305    -0.01711     0.005858
20010306     0.00134     0.009981
20010307    -0.01203     0.006452
20010308     0.02977     0.002259
20010309    -0.00920    -0.024764
20010312    -0.04642    -0.043181
20010313    -0.00417     0.014829
20010314    -0.03352    -0.025842
20010315     0.01012     0.005871
20010316     0.00286    -0.019624
20010319     0.01141     0.017627
20010320    -0.02398    -0.024077
20010321    -0.05347    -0.017924
20010322    -0.02137    -0.004064
20010323     0.02028     0.019909
20010326     0.01835     0.011282
20010327    -0.02252     0.025575
20010328     0.01229    -0.024430
20010329     0.01821    -0.004630
20010330     0.01192     0.010784
20010402     0.01325    -0.012462
20010403    -0.02907    -0.034393
20010404    -0.01946    -0.002901
20010405     0.00000     0.043680
20010406    -0.09008    -0.019984
20010409     0.03705     0.008117
20010410     0.03546     0.027066
20010411     0.00625    -0.002131
20010412    -0.05640     0.015104
20010416     0.01553    -0.003228
20010417     0.01063     0.010282
20010418     0.06491     0.038890
20010419    -0.00554     0.012551
20010420    -0.02544    -0.008551
20010423    -0.03057    -0.014980
20010424    -0.03308    -0.012161
20010425     0.05357     0.015941
20010426    -0.00126     0.004696
20010427    -0.06351     0.015010
20010430     0.04144    -0.002865
20010501     0.03463     0.013590
20010502    -0.01548     0.000782
20010503    -0.03856    -0.014873
20010504     0.00211     0.014440
20010507    -0.00632    -0.002447
20010508    -0.01484    -0.001828
20010509     0.00592    -0.004488
20010510    -0.00481    -0.000287
20010511     0.01612    -0.007577
20010514     0.02168     0.002609
20010515     0.01139     0.000416
20010516     0.02456     0.028453
20010517     0.03546     0.002724
20010518    -0.00145     0.002693
20010521     0.01932     0.016154
20010522     0.00474    -0.002628
20010523    -0.05236    -0.015526
20010524     0.01443     0.003196
20010525     0.00049    -0.011816
20010529    -0.02550    -0.007794
20010530     0.01107    -0.015655
20010531    -0.02837     0.006202
20010601     0.00359     0.003862
20010604    -0.02042     0.005108
20010605     0.02658     0.012990
20010606    -0.02437    -0.010549
20010607     0.00937     0.005457
20010608    -0.01856    -0.009397
20010611     0.00945    -0.008356
20010612     0.00989     0.001164
20010613     0.00773    -0.011347
20010614    -0.01892    -0.017502
20010615     0.01824    -0.004517
20010618     0.00819    -0.004883
20010619     0.03198     0.003434
20010620     0.03148     0.008709
20010621     0.08965     0.011364
20010622    -0.03545    -0.009450
20010625     0.00590    -0.005509
20010626    -0.01263    -0.001510
20010627     0.00183    -0.004676
20010628     0.03283     0.012493
20010629     0.01545    -0.001452
20010702    -0.01000     0.010037
20010703    -0.03426    -0.001827
20010705    -0.00318    -0.012321
20010706    -0.06569    -0.023498
20010709     0.02246     0.006879
20010710    -0.02436    -0.014398
20010711     0.01273    -0.001134
20010712     0.00048     0.023691
20010713    -0.00966     0.006241
20010716    -0.01805    -0.010883
20010717    -0.00348     0.009971
20010718    -0.02542    -0.005542
20010719    -0.00563     0.006053
20010720     0.04167    -0.003432
20010723    -0.02815    -0.016369
20010724     0.00864    -0.016272
20010725    -0.01209     0.016080
20010726    -0.03111     0.010449
20010727    -0.01316     0.002402
20010730    -0.01867    -0.001078
20010731    -0.01957     0.005571
20010801     0.02051     0.003880
20010802     0.00272     0.003964
20010803    -0.03359    -0.005243
20010806    -0.01794    -0.011422
20010807     0.01998     0.003265
20010808    -0.01511    -0.017328
20010809     0.03182    -0.000084
20010810    -0.01101     0.005687
20010813     0.02060     0.000949
20010814    -0.01746    -0.003828
20010815    -0.01222    -0.007339
20010816     0.01630     0.003090
20010817    -0.00664    -0.016663
20010820     0.04120     0.008124
20010821     0.00749    -0.012079
20010822    -0.00265     0.006956
20010823    -0.00479    -0.002763
20010824    -0.00802     0.019654
20010827    -0.00216    -0.004827
20010828    -0.03620    -0.015010
20010829    -0.02018    -0.011115
20010830    -0.00172    -0.017038
20010831    -0.03324     0.004030
20010904    -0.02312    -0.000565
20010905     0.00850    -0.001059
20010906    -0.02286    -0.022390
20010907    -0.00739    -0.018637
20010910     0.02047     0.006226
20010917    -0.05714    -0.049216
20010918     0.00580    -0.005805
20010919    -0.01923    -0.016112
20010920    -0.04118    -0.031060
20010921    -0.02658    -0.019034
20010924     0.04832     0.038983
20010925     0.00534     0.008790
20010926    -0.06977    -0.005167
20010927     0.03786     0.011489
20010928     0.02822     0.021922
20011001    -0.00937    -0.002296
20011002    -0.01622     0.012306
20011003     0.07555     0.019927
20011004    -0.03768    -0.002471
20011005     0.12541     0.001636
20011008     0.00649    -0.008344
20011009    -0.03691    -0.005356
20011010     0.02129     0.022938
20011011     0.01370     0.015208
20011012    -0.05993    -0.005267
20011015     0.02688    -0.001530
20011016     0.02678     0.006936
20011017    -0.05809    -0.018633
20011018     0.02580    -0.007873
20011019     0.01902     0.004557
20011022     0.03612     0.015296
20011023    -0.00058    -0.004698
20011024     0.01047     0.000387
20011025     0.02474     0.013721
20011026     0.00281     0.004109
20011029    -0.05095    -0.023818
20011030     0.02242    -0.017166
20011031    -0.01212    -0.000009
20011101     0.00993     0.022948
20011102     0.03470     0.002860
20011105     0.03969     0.014386
20011106     0.03602     0.014526
20011107    -0.01401    -0.002735
20011108    -0.00632     0.002456
20011109     0.00794     0.001582
20011112     0.00368    -0.001767
20011113     0.01099     0.018563
20011114    -0.00984     0.001861
20011115     0.00262     0.000903
20011116    -0.08712    -0.003143
20011119    -0.00629     0.010899
20011120    -0.00058    -0.007298
20011121    -0.00403    -0.004927
20011123     0.00000     0.011706
20011126     0.00347     0.006155
20011127    -0.01036    -0.006843
20011128    -0.01629    -0.018251
20011129    -0.00059     0.010350
20011130     0.04852    -0.000658
20011203     0.04289    -0.008381
20011204     0.06385     0.013187
20011205     0.01272     0.022318
20011206    -0.01858    -0.002777
20011207    -0.03019    -0.007531
20011210     0.00897    -0.015868
20011211    -0.00471    -0.002781
20011212    -0.01524     0.000273
20011213    -0.00160    -0.015558
20011214     0.02672     0.003314
20011217     0.01614     0.010035
20011218    -0.00051     0.007546
20011219    -0.02101     0.005810
20011220    -0.03613    -0.008377
20011221     0.02336     0.004351
20011224     0.00101    -0.000210
20011226     0.00854     0.004124
20011227     0.01788     0.006752
20011228     0.00723     0.003362
20011231    -0.02308    -0.011145
20020102     0.02415     0.005740
20020103     0.04664     0.009180
20020104     0.08276     0.006213
20020107    -0.01221    -0.006499
20020108     0.03892    -0.003588
20020109    -0.03614    -0.004799
20020110     0.02743     0.001221
20020111    -0.02626    -0.009468
20020114     0.00091    -0.006276
20020115     0.00046     0.006834
20020116    -0.03012    -0.016245
20020117     0.03576     0.010030
20020118    -0.00454    -0.009922
20020122    -0.02419    -0.007334
20020123     0.05893     0.007925
20020124     0.02208     0.003519
20020125    -0.01253     0.000998
20020128     0.00131    -0.000194
20020129    -0.02448    -0.028613
20020130     0.01971     0.011748
20020131     0.04438     0.014934
20020201    -0.03786    -0.007078
20020204    -0.02536    -0.024737
20020205     0.00359    -0.004039
20020206    -0.02637    -0.005972
20020207    -0.00551    -0.003083
20020208     0.01477     0.014859
20020211    -0.00819     0.014340
20020212    -0.01239    -0.003993
20020213     0.02183     0.009941
20020214    -0.01182    -0.001815
20020215    -0.00828    -0.011017
20020219    -0.00974    -0.018874
20020220     0.01311     0.013514
20020221    -0.02450    -0.015510
20020222     0.02417     0.008224
20020225     0.02499     0.017975
20020226     0.00722    -0.000045
20020227     0.00583     0.000460
20020228     0.02540    -0.002847
20020301     0.02130     0.022634
20020304     0.02426     0.019491
20020305    -0.02493    -0.006673
20020306    -0.01406     0.014510
20020307    -0.00086    -0.004498
20020308    -0.00692     0.005849
20020311    -0.00479     0.003393
20020312     0.00219    -0.002294
20020313    -0.01048    -0.009858
20020314     0.03001    -0.000910
20020315     0.01757     0.011379
20020318    -0.00042    -0.000523
20020319     0.00505     0.004067
20020320    -0.00754    -0.015757
20020321     0.01267     0.001511
20020322    -0.01668    -0.004239
20020325    -0.01612    -0.014651
20020326     0.01250     0.005849
20020327    -0.00085     0.005349
20020328    -0.01449     0.002455
20020401     0.00735    -0.000741
20020402    -0.00086    -0.008530
20020403     0.00902    -0.009993
20020404     0.01660     0.000835
20020405     0.00670    -0.003205
20020408     0.01705     0.002280
20020409     0.02004    -0.006656
20020410     0.00481     0.011335
20020411    -0.00559    -0.023689
20020412     0.01003     0.006632
20020415    -0.00238    -0.007615
20020416     0.01075     0.023418
20020417     0.00985    -0.002038
20020418    -0.00897    -0.001421
20020419    -0.01654     0.000623
20020422    -0.00080    -0.015411
20020423     0.00841    -0.006201
20020424     0.00040    -0.007103
20020425     0.00794    -0.001519
20020426    -0.07329    -0.013889
20020429    -0.01871    -0.010099
20020430    -0.01127     0.010765
20020501     0.03506     0.008859
20020502     0.00127    -0.001749
20020503    -0.00761    -0.010262
20020506    -0.03451    -0.019340
20020507     0.00618    -0.003021
20020508    -0.00219     0.037504
20020509    -0.01495    -0.014547
20020510    -0.01736    -0.016794
20020513     0.02039     0.018550
20020514     0.04984     0.021144
20020515     0.01229    -0.005659
20020516     0.00000     0.006562
20020517     0.00754     0.007612
20020520    -0.03117    -0.013293
20020521    -0.01115    -0.010990
20020522    -0.00824     0.005686
20020523     0.00131     0.010184
20020524    -0.02010    -0.012087
20020528    -0.01427    -0.008553
20020529     0.04025    -0.006412
20020530     0.02478    -0.002810
20020531     0.03012     0.002329
20020603    -0.02512    -0.024795
20020604     0.02324     0.000010
20020605     0.03138     0.008850
20020606    -0.02522    -0.019764
20020607     0.02300    -0.001574
20020610    -0.01124     0.003124
20020611    -0.02883    -0.016629
20020612     0.01965     0.006571
20020613    -0.02747    -0.010488
20020614    -0.00337    -0.002268
20020617     0.02834     0.028691
20020618     0.00658     0.000936
20020619    -0.00123    -0.016536
20020620     0.02250    -0.013432
20020621    -0.01080    -0.017043
20020624     0.00121     0.003619
20020625    -0.01010    -0.016702
20020626    -0.00041    -0.002674
20020627     0.01960     0.017575
20020628    -0.00481    -0.000838
20020701    -0.01972    -0.021378
20020702    -0.03448    -0.021225
20020703    -0.01531     0.006223
20020705     0.02936     0.036730
20020708    -0.00881    -0.012184
20020709    -0.03978    -0.024719
20020710    -0.00793    -0.033962
20020711    -0.00533     0.007496
20020712    -0.01787    -0.006448
20020715     0.00819    -0.003755
20020716    -0.04285    -0.018389
20020717     0.00848     0.005538
20020718    -0.02056    -0.027019
20020719    -0.04103    -0.038341
20020722    -0.02388    -0.032922
20020723    -0.03823    -0.027017
20020724     0.11712     0.057315
20020725    -0.05076    -0.005620
20020726    -0.02549     0.016884
20020729     0.04154     0.054078
20020730    -0.02905     0.004249
20020731    -0.00456     0.009792
20020801    -0.04024    -0.029574
20020802    -0.00159    -0.023082
20020805    -0.00957    -0.034296
20020806     0.02469     0.029919
20020807     0.00995     0.020010
20020808     0.00571     0.032722
20020809     0.00516     0.003512
20020812     0.01185    -0.005327
20020813    -0.03960    -0.021675
20020814     0.08131     0.040047
20020815     0.03906     0.011559
20020816    -0.02162    -0.001591
20020819     0.04755     0.023633
20020820    -0.03485    -0.013979
20020821    -0.00855     0.012726
20020822     0.01246     0.014052
20020823    -0.00473    -0.022686
20020826    -0.00190     0.007536
20020827    -0.03192    -0.013851
20020828    -0.02264    -0.018132
20020829     0.02971    -0.000076
20020830    -0.01711    -0.001885
20020903    -0.00597    -0.041536
20020904     0.03604     0.017517
20020905    -0.02271    -0.015950
20020906     0.03213     0.016800
20020909     0.00096     0.010113
20020910     0.00718     0.007331
20020911    -0.02660    -0.000143
20020912    -0.01318    -0.024784
20020913     0.01682     0.003270
20020916     0.00049     0.001450
20020917    -0.02236    -0.019728
20020918     0.01144    -0.004648
20020919     0.00187    -0.030065
20020920     0.01973     0.002455
20020923    -0.02358    -0.013828
20020924    -0.01528    -0.017284
20020925     0.03504     0.024863
20020926     0.02427     0.018210
20020927    -0.00859    -0.032259
20020930    -0.01714    -0.014600
20021001     0.04070     0.040010
20021002    -0.02654    -0.023587
20021003     0.00909    -0.010822
20021004     0.00607    -0.022431
20021007    -0.00556    -0.019111
20021008     0.02984     0.016898
20021009    -0.00966    -0.027287
20021010     0.03107     0.034966
20021011     0.02032     0.039059
20021014     0.01943     0.007327
20021015     0.01949     0.047336
20021016    -0.00552    -0.024113
20021017    -0.07219     0.022302
20021018     0.02850     0.005903
20021021     0.03451     0.017334
20021022    -0.02250    -0.010626
20021023     0.02346     0.006718
20021024    -0.02898    -0.015221
20021025     0.06592     0.017167
20021028    -0.03092    -0.008266
20021029     0.01337    -0.009076
20021030     0.01191     0.009704
20021031     0.00252    -0.005557
20021101     0.00084     0.017160
20021104    -0.04191     0.008191
20021105     0.02100     0.007761
20021106    -0.00728     0.009144
20021107    -0.00993    -0.022852
20021108    -0.01613    -0.008763
20021111    -0.03545    -0.020732
20021112     0.00322     0.007715
20021113     0.00229    -0.000476
20021114     0.02878     0.024634
20021115    -0.02309     0.006149
20021118    -0.02227    -0.010409
20021119    -0.00604    -0.004021
20021120     0.02432     0.019415
20021121    -0.01689     0.021452
20021122     0.01301    -0.003438
20021125     0.00917     0.002504
20021126    -0.00636    -0.020978
20021127     0.02606     0.027986
20021129    -0.03119    -0.002727
20021202    -0.00736    -0.001901
20021203    -0.02780    -0.014745
20021204     0.00810    -0.003454
20021205    -0.02837    -0.012010
20021206     0.03406     0.006266
20021209    -0.02965    -0.022176
20021210    -0.00145     0.013957
20021211    -0.01117     0.000564
20021212     0.01719    -0.003724
20021213    -0.01690    -0.013432
20021216     0.04617     0.023519
20021217    -0.00845    -0.008139
20021218     0.01089    -0.013145
20021219    -0.02529    -0.007709
20021220    -0.00336     0.013005
20021223     0.00868     0.001820
20021224    -0.01052    -0.005471
20021226     0.00483    -0.003149
20021227    -0.01250    -0.016029
20021230     0.00389     0.004558
20021231    -0.01164     0.000489
20030102     0.04024     0.033200
20030103    -0.00377    -0.000484
20030106     0.01657     0.022474
20030107    -0.01071    -0.006545
20030108    -0.02119    -0.014086
20030109     0.00048     0.019397
20030110     0.00433    -0.000011
20030113    -0.01149    -0.001412
20030114    -0.01840     0.005830
20030115     0.00395    -0.014426
20030116    -0.00491    -0.003942
20030117    -0.00790    -0.014017
20030121    -0.01444    -0.015702
20030122     0.01263    -0.010432
20030123    -0.00150     0.010224
20030124     0.14635    -0.029233
20030127    -0.01438    -0.016160
20030128     0.00309     0.013050
20030129     0.00617     0.006779
20030130    -0.01489    -0.022849
20030131     0.01023     0.013130
20030203    -0.00440     0.005399
20030204    -0.01194    -0.014088
20030205    -0.00716    -0.005435
20030206    -0.00406    -0.006449
20030207    -0.00543    -0.010094
20030210     0.00773     0.007569
20030211    -0.00135    -0.008098
20030212    -0.00045    -0.012687
20030213    -0.00724    -0.001600
20030214     0.02597     0.021435
20030218     0.01732     0.019500
20030219    -0.00349    -0.007096
20030220    -0.01051    -0.009501
20030221     0.03232     0.013224
20030224    -0.03473    -0.018381
20030225     0.01377     0.007195
20030226    -0.02717    -0.013141
20030227     0.04009     0.011758
20030228     0.01559     0.004622
20030303    -0.00981    -0.007537
20030304     0.00646    -0.015357
20030305     0.00128     0.009562
20030306    -0.00085    -0.009339
20030307    -0.02053     0.008259
20030310    -0.01873    -0.025830
20030311    -0.00182    -0.008359
20030312     0.00312     0.004321
20030313     0.06933     0.034457
20030314     0.00831     0.001647
20030317     0.04823     0.035427
20030318    -0.01416     0.004242
20030319    -0.00319     0.008737
20030320     0.01040     0.001888
20030321     0.04356     0.022977
20030324    -0.04023    -0.035231
20030325     0.02807     0.012161
20030326     0.01077    -0.005476
20030327     0.00000    -0.001644
20030328    -0.01522    -0.005780
20030331    -0.00464    -0.017742
20030401    -0.01669     0.012144
20030402     0.03672     0.026116
20030403    -0.01714    -0.005052
20030404    -0.02363     0.002738
20030407     0.01270     0.001229
20030408     0.00980    -0.001864
20030409    -0.01358    -0.014004
20030410     0.01220     0.006455
20030411    -0.00777    -0.003763
20030414     0.02154     0.019498
20030415     0.02531     0.006303
20030416    -0.03777    -0.012236
20030417     0.00466     0.015536
20030421    -0.02515    -0.001757
20030422    -0.00317     0.021704
20030423    -0.02150     0.008394
20030424     0.02644    -0.008259
20030425    -0.06976    -0.013846
20030428     0.02386     0.017835
20030429    -0.00458     0.003279
20030430    -0.01714    -0.001002
20030501     0.02084    -0.000676
20030502    -0.00917     0.015039
20030505    -0.01051    -0.003795
20030506     0.01827     0.008461
20030507    -0.01502    -0.005105
20030508    -0.02542    -0.010058
20030509     0.01000     0.014278
20030512     0.00689     0.012535
20030513    -0.01069    -0.002973
20030514    -0.00173    -0.003205
20030515     0.03247     0.007868
20030516    -0.01442    -0.002504
20030519    -0.02578    -0.024918
20030520     0.00742    -0.001129
20030521    -0.00130     0.004012
20030522     0.02131     0.009151
20030523    -0.00429     0.001449
20030527     0.01152     0.019567
20030528    -0.00295     0.001829
20030529    -0.00127    -0.003756
20030530     0.04534     0.014690
20030602    -0.00730     0.003539
20030603    -0.00286     0.004716
20030604    -0.00205     0.015110
20030605     0.01108     0.003954
20030606    -0.00649    -0.002404
20030609    -0.00613    -0.011977
20030610     0.00288     0.009130
20030611    -0.00246     0.012835
20030612    -0.00740     0.001033
20030613    -0.00745    -0.009915
20030616     0.03253     0.022385
20030617    -0.01252     0.000910
20030618    -0.01186    -0.001552
20030619     0.00041    -0.015236
20030620    -0.00621     0.000995
20030623     0.00250    -0.014111
20030624    -0.00125     0.001834
20030625     0.00166    -0.008267
20030626     0.01494     0.010776
20030627     0.00409    -0.009738
20030630     0.00000    -0.001762
20030701     0.03177     0.008025
20030702     0.06475     0.011646
20030703    -0.01112    -0.008111
20030707     0.02287     0.018992
20030708     0.00147     0.003405
20030709    -0.00695    -0.005586
20030710    -0.01696    -0.013480
20030711     0.00675     0.009548
20030714    -0.00074     0.005731
20030715    -0.01305    -0.003427
20030716     0.01662    -0.006417
20030717    -0.02192    -0.012344
20030718     0.01177     0.011806
20030721     0.00225    -0.014618
20030722     0.00712     0.009512
20030723    -0.00186     0.000506
20030724    -0.01677    -0.007091
20030725     0.01175     0.017400
20030728    -0.00337    -0.002163
20030729    -0.00864    -0.007265
20030730     0.01857    -0.001809
20030731     0.01712     0.002856
20030801    -0.00805    -0.010259
20030804    -0.00590     0.002724
20030805    -0.02412    -0.017663
20030806    -0.00646     0.001678
20030807    -0.00038     0.007280
20030808     0.00230     0.003562
20030811     0.00879     0.003069
20030812     0.00909     0.009953
20030813    -0.00525    -0.006382
20030814     0.01660     0.006585
20030815    -0.00223     0.000162
20030818     0.01264     0.009155
20030819    -0.00734     0.002611
20030820     0.00370    -0.002045
20030821     0.00000     0.002969
20030822    -0.01216    -0.010177
20030825     0.01418     0.000655
20030826    -0.00294     0.003039
20030827     0.00074     0.000060
20030828     0.01917     0.006069
20030829     0.02713     0.005155
20030902     0.01268     0.013869
20030903     0.00730     0.004188
20030904     0.00794     0.001656
20030905    -0.01302    -0.006401
20030908     0.00625     0.010035
20030909    -0.00379    -0.008210
20030910    -0.01247    -0.011973
20030911     0.01858     0.005441
20030912     0.00379     0.002174
20030915    -0.00995    -0.003750
20030916     0.01870     0.014298
20030917    -0.01020    -0.003255
20030918     0.01615     0.013266
20030919    -0.01318    -0.003155
20030922    -0.00377    -0.013008
20030923     0.03817     0.006071
20030924    -0.00298    -0.019096
20030925    -0.00399    -0.006053
20030926    -0.01368    -0.006399
20030929    -0.01116     0.009761
20030930    -0.01505    -0.010541
20031001     0.01736     0.022340
20031002     0.00444     0.001984
20031003     0.02684     0.009419
20031006    -0.00596     0.004370
20031007     0.00832     0.004737
20031008    -0.01255    -0.005263
20031009     0.01003     0.004788
20031010    -0.00066    -0.000645
20031013     0.00662     0.007023
20031014    -0.00099     0.003951
20031015    -0.00362    -0.002592
20031016     0.00628     0.003162
20031017    -0.01248    -0.010237
20031020     0.00432     0.005157
20031021    -0.00662     0.001292
20031022    -0.00233    -0.014980
20031023     0.00334     0.003310
20031024     0.00866    -0.004701
20031027    -0.00892     0.002158
20031028     0.03299     0.015187
20031029     0.00323     0.001261
20031030     0.01093    -0.001116
20031031     0.00509     0.003601
20031103     0.00348     0.007909
20031104    -0.00441    -0.005448
20031105     0.01774    -0.001367
20031106     0.01214     0.005933
20031107     0.00031    -0.004574
20031110    -0.01383    -0.005792
20031111    -0.00281    -0.000516
20031112     0.01876     0.011456
20031113     0.01258    -0.000142
20031114    -0.02827    -0.007615
20031117    -0.01113    -0.006398
20031118    -0.02334    -0.009084
20031119    -0.00872     0.008016
20031120    -0.00782    -0.008432
20031121     0.00164     0.001577
20031124     0.01934     0.016227
20031125     0.01318     0.001720
20031126     0.01809     0.004327
20031128     0.00281    -0.000236
20031201     0.00808     0.011264
20031202    -0.01172    -0.003271
20031203    -0.00312    -0.001772
20031204     0.00188     0.004687
20031205    -0.00531    -0.007684
20031208     0.01508     0.007348
20031209    -0.02042    -0.008529
20031210     0.00158    -0.001066
20031211     0.01514     0.011482
20031212    -0.01429     0.002735
20031215    -0.00662    -0.005679
20031216     0.01523     0.006638
20031217    -0.00719     0.001256
20031218     0.01763     0.011798
20031219    -0.00742    -0.000468
20031222    -0.00280     0.003922
20031223     0.00250     0.002818
20031224    -0.00717    -0.001807
20031226     0.00283     0.001691
20031229     0.01127     0.012401
20031230     0.01269     0.000144
20031231     0.01376     0.002055
20040102    -0.00754    -0.003094
20040105     0.01519     0.012395
20040106     0.01227     0.001292
20040107    -0.00414     0.002367
20040108    -0.00891     0.004963
20040109    -0.00839    -0.008888
20040112     0.00786     0.004787
20040113    -0.00749    -0.005332
20040114     0.01571     0.008295
20040115     0.00922     0.001353
20040116     0.01827     0.006872
20040120     0.00781    -0.000930
20040121     0.00488     0.007772
20040122     0.02086    -0.003207
20040123     0.00420    -0.002089
20040126     0.01282     0.012106
20040127    -0.01816    -0.009798
20040128    -0.00617    -0.013610
20040129     0.02876     0.004989
20040130     0.00356    -0.002628
20040202    -0.01038     0.003651
20040203     0.00662     0.000678
20040204     0.01069    -0.008371
20040205    -0.00271     0.001838
20040206     0.01333     0.012555
20040209    -0.01128    -0.002581
20040210     0.00244     0.005027
20040211     0.01219     0.010667
20040212    -0.01044    -0.004880
20040213    -0.00757    -0.005468
20040217     0.05586     0.009757
20040218    -0.01987    -0.004468
20040219     0.00184    -0.004133
20040220    -0.00736    -0.002572
20040223     0.00053    -0.002727
20040224     0.02831    -0.001665
20040225     0.00232     0.004021
20040226    -0.03954     0.001084
20040227    -0.00027     0.000026
20040301     0.01150     0.009625
20040302    -0.01163    -0.005934
20040303     0.01123     0.001688
20040304     0.00317     0.003336
20040305     0.00237     0.001723
20040308    -0.01473    -0.008350
20040309     0.00187    -0.005779
20040310     0.00799    -0.014633
20040311    -0.00529    -0.015224
20040312    -0.00080     0.012460
20040315    -0.01543    -0.014350
20040316     0.00972     0.005623
20040317    -0.00054     0.011749
20040318    -0.00803    -0.001273
20040319    -0.00729    -0.011173
20040322     0.01114    -0.012958
20040323    -0.01075    -0.001324
20040324     0.00489    -0.002395
20040325     0.00838     0.016365
20040326    -0.01260    -0.001019
20040329     0.02309     0.013005
20040330     0.00956     0.004036
20040331    -0.00421    -0.000701
20040401     0.00951     0.005292
20040402     0.02799     0.008515
20040405     0.01018     0.007672
20040406     0.00000    -0.002095
20040407    -0.01184    -0.006645
20040408    -0.00229    -0.001061
20040412     0.00153     0.005161
20040413    -0.01837    -0.013762
20040414    -0.00624    -0.001124
20040415    -0.00471     0.000594
20040416    -0.00578     0.005111
20040419     0.00661     0.001066
20040420    -0.02258    -0.015557
20040421     0.00000     0.005312
20040422     0.04915     0.014091
20040423     0.00307     0.000588
20040426    -0.00459    -0.004445
20040427     0.00692     0.002272
20040428    -0.00840    -0.013795
20040429     0.00437    -0.007591
20040430    -0.00486    -0.005916
20040503     0.00591     0.009203
20040504     0.01149     0.001843
20040505     0.00556     0.001769
20040506    -0.00979    -0.006723
20040507    -0.03246    -0.013725
20040510    -0.00472    -0.010540
20040511     0.00421     0.007662
20040512    -0.00944     0.001671
20040513     0.00212    -0.000766
20040514     0.00502    -0.000675
20040517    -0.01209    -0.010587
20040518     0.00080     0.006817
20040519    -0.00186    -0.002574
20040520     0.02477     0.000468
20040521     0.00780     0.004012
20040524    -0.00026     0.001692
20040525     0.02116     0.016104
20040526     0.00227     0.001698
20040527     0.00882     0.005686
20040528     0.01449    -0.000535
20040601     0.01108     0.000464
20040602     0.00901     0.003380
20040603    -0.00531    -0.007422
20040604     0.00388     0.005248
20040607     0.02321     0.015964
20040608     0.01819     0.001543
20040609    -0.00789    -0.009499
20040610    -0.00281     0.004543
20040614    -0.01525    -0.009837
20040615     0.01906     0.005972
20040616     0.00327     0.001369
20040617     0.00326    -0.001332
20040618     0.01486     0.002624
20040621     0.00137    -0.004159
20040622     0.00091     0.003636
20040623     0.00868     0.008507
20040624    -0.01245    -0.002981
20040625    -0.00986    -0.005453
20040628     0.00162    -0.000952
20040629    -0.00139     0.002515
20040630     0.00648     0.004084
20040701     0.02598    -0.010431
20040702     0.02062    -0.003153
20040706    -0.00285    -0.008148
20040707     0.01608     0.001899
20040708    -0.02146    -0.008244
20040709     0.01130     0.003336
20040712    -0.00110     0.001384
20040713     0.00417     0.000709
20040714     0.00349    -0.003291
20040715     0.00131    -0.004301
20040716     0.00326    -0.004789
20040719     0.00866    -0.000445
20040720    -0.00301     0.007058
20040721    -0.01701    -0.013340
20040722     0.04645     0.002706
20040723    -0.01466    -0.009701
20040726    -0.00701    -0.001970
20040727     0.02226     0.009935
20040728     0.00230     0.000539
20040729    -0.00731     0.004574
20040730    -0.01136     0.001172
20040802    -0.01107     0.004448
20040803    -0.01334    -0.006262
20040804    -0.00916    -0.000964
20040805    -0.00308    -0.016320
20040806    -0.03555    -0.015481
20040809     0.00641     0.001175
20040810     0.02548     0.012974
20040811    -0.01065    -0.003012
20040812    -0.01951    -0.011675
20040813    -0.01235     0.001477
20040816     0.00903     0.013655
20040817     0.00275     0.002196
20040818     0.01808     0.012443
20040819     0.00360    -0.003598
20040820     0.00873     0.006525
20040823    -0.00111    -0.002431
20040824     0.01489     0.000465
20040825     0.00832     0.008000
20040826    -0.06451     0.000118
20040827    -0.01161     0.002425
20040830     0.00446    -0.007781
20040831     0.01123     0.004631
20040901    -0.00023     0.001512
20040902     0.02706     0.011212
20040903    -0.00090    -0.004185
20040907     0.00045     0.006887
20040908    -0.00135    -0.004486
20040909     0.00677     0.001890
20040910     0.00538     0.004954
20040913     0.00379     0.001691
20040914     0.02088     0.002229
20040915    -0.01196    -0.007055
20040916     0.00440     0.002794
20040917     0.00943     0.004495
20040920    -0.00977    -0.005627
20040921     0.00285     0.006327
20040922    -0.02099    -0.013938
20040923    -0.00223    -0.004670
20040924     0.00828     0.001579
20040927    -0.01465    -0.005936
20040928     0.00451     0.005926
20040929     0.02064     0.004270
20040930    -0.00088    -0.000197
20041001     0.03872     0.015181
20041004    -0.00360     0.003243
20041005     0.00808    -0.000608
20041006     0.01160     0.006673
20041007    -0.01855    -0.009982
20041008     0.00637    -0.007527
20041011     0.00886     0.002005
20041012     0.00481    -0.002268
20041013    -0.00812    -0.007301
20041014     0.00294    -0.009303
20041015     0.03515     0.004450
20041018     0.01678     0.005252
20041019     0.00020    -0.009686
20041020    -0.00099     0.000390
20041021     0.00995     0.002564
20041022    -0.01221    -0.009715
20041025    -0.00957    -0.000849
20041026     0.01712     0.014870
20041027     0.02534     0.012879
20041028     0.02047     0.001813
20041029     0.00057     0.002448
20041101     0.00794     0.000274
20041102    -0.00600     0.000027
20041103     0.00944     0.011198
20041104     0.02188     0.016156
20041105    -0.00256     0.003874
20041108    -0.00202    -0.001098
20041109     0.00772    -0.000695
20041110     0.00857    -0.001005
20041111     0.00275     0.009089
20041112    -0.00256     0.009110
20041115    -0.00253    -0.000304
20041116    -0.00943    -0.007079
20041117     0.01739     0.005538
20041118     0.00342     0.001362
20041119    -0.01022    -0.011161
20041122     0.02318     0.005896
20041123    -0.00142    -0.000255
20041124     0.00638     0.004095
20041126    -0.00299     0.000753
20041129    -0.00336    -0.003450
20041130    -0.00266    -0.004030
20041201     0.02293     0.014951
20041202     0.01911    -0.000873
20041203    -0.00116     0.000706
20041206     0.00270    -0.000772
20041207    -0.02503    -0.011073
20041208     0.01641     0.004877
20041209     0.00756     0.005436
20041210    -0.01006    -0.001043
20041213     0.01085     0.008990
20041214     0.00051     0.003921
20041215    -0.00068     0.001945
20041216    -0.01091    -0.002082
20041217     0.00241    -0.007472
20041220     0.00980     0.000360
20041221     0.00357     0.009040
20041222     0.03697     0.003418
20041223    -0.00851     0.000463
20041227     0.01287    -0.004305
20041228     0.02752     0.007154
20041229     0.01236    -0.000074
20041230    -0.01926     0.000082
20041231    -0.00447    -0.001343
20050103    -0.01956    -0.008119
20050104    -0.00065    -0.011671
20050105     0.00818    -0.003628
20050106    -0.03019     0.003506
20050107    -0.00117    -0.001431
20050110    -0.03084     0.003423
20050111    -0.00761    -0.006100
20050112    -0.00645     0.003981
20050113    -0.02894    -0.008630
20050114     0.01517     0.006005
20050118     0.03096     0.009675
20050119    -0.00345    -0.009490
20050120    -0.01974    -0.007783
20050121    -0.01643    -0.006415
20050124    -0.03179    -0.003528
20050125     0.00167     0.004004
20050126     0.02481     0.004844
20050127    -0.04174     0.000409
20050128     0.01263    -0.002716
20050131     0.00559     0.008460
20050201     0.00648     0.006891
20050202    -0.00644     0.003178
20050203    -0.08204    -0.002766
20050204     0.02199     0.011043
20050207     0.00671    -0.001089
20050208     0.01118     0.000483
20050209    -0.01978    -0.008575
20050210    -0.00732     0.004211
20050211     0.00000     0.006926
20050214    -0.00658     0.000697
20050215     0.01324     0.003300
20050216    -0.00238     0.000182
20050217    -0.01171    -0.007923
20050218     0.00261     0.000700
20050222    -0.00601    -0.014506
20050223     0.00544     0.005607
20050224     0.02505     0.007894
20050225     0.00039     0.009307
20050228     0.01251    -0.006414
20050301     0.01486     0.005658
20050302     0.00437    -0.000273
20050303     0.01477     0.000322
20050304     0.01586     0.009624
20050307     0.01304     0.002610
20050308    -0.01070    -0.004799
20050309     0.00000    -0.010185
20050310    -0.00477     0.001856
20050311    -0.01473    -0.007583
20050314     0.00374     0.005625
20050315    -0.00670    -0.007524
20050316    -0.02400    -0.008082
20050317     0.00154     0.001801
20050318     0.00729    -0.000471
20050321    -0.00666    -0.004934
20050322    -0.00978    -0.010196
20050323    -0.00426     0.000700
20050324     0.00797    -0.000947
20050328     0.00636     0.002441
20050329     0.00747    -0.007596
20050330     0.00457     0.013773
20050331    -0.02178    -0.000694
20050401    -0.00776    -0.006497
20050404     0.00295     0.002728
20050405     0.00642     0.004481
20050406     0.00754     0.002269
20050407    -0.03127     0.005971
20050408    -0.03723    -0.008345
20050411    -0.02283     0.000008
20050412     0.00926     0.005545
20050413    -0.01752    -0.011762
20050414    -0.00509    -0.010002
20050415     0.01003    -0.016720
20050418    -0.00718     0.002941
20050419    -0.01660     0.005934
20050420    -0.01190    -0.013255
20050421     0.01620     0.019736
20050422    -0.01831    -0.006750
20050425     0.04148     0.008662
20050426    -0.01770    -0.008915
20050427    -0.00429     0.004029
20050428     0.04633    -0.011380
20050429     0.01977     0.011922
20050502     0.00586     0.004590
20050503     0.00402    -0.000852
20050504     0.01200     0.012470
20050505     0.03221    -0.002569
20050506     0.00345    -0.001092
20050509    -0.00362     0.006394
20050510    -0.00632    -0.010705
20050511     0.02023     0.004193
20050512     0.00378    -0.010033
20050513     0.01599    -0.004580
20050516    -0.00389     0.010086
20050517     0.00483     0.006957
20050518     0.01850     0.010019
20050519     0.00055     0.004656
20050520    -0.00163    -0.001511
20050523    -0.00127     0.003851
20050524    -0.00255     0.000176
20050525     0.00402    -0.003400
20050526     0.00345     0.006395
20050527     0.00797     0.000969
20050531    -0.01510    -0.006073
20050601     0.01679     0.009039
20050602     0.00969     0.001680
20050603    -0.01404    -0.006867
20050606     0.00595     0.001246
20050607    -0.00502    -0.000209
20050608    -0.00721    -0.002163
20050609     0.00345     0.005240
20050610    -0.00958    -0.002348
20050613     0.00986     0.002262
20050614    -0.00127     0.002573
20050615     0.00118     0.002218
20050616    -0.00533     0.003630
20050617    -0.00836     0.004955
20050620    -0.00220    -0.000707
20050621    -0.01029    -0.002048
20050622     0.00186     0.000222
20050623    -0.01427    -0.010833
20050624    -0.01429    -0.007629
20050627    -0.00915    -0.000739
20050628     0.02117     0.009138
20050629    -0.01677    -0.001431
20050630    -0.00978    -0.007101
20050701    -0.01181     0.002611
20050705     0.01822     0.008833
20050706    -0.02693    -0.008340
20050707    -0.00771     0.002452
20050708     0.03168     0.011679
20050711     0.00483     0.006255
20050712    -0.00135     0.002272
20050713    -0.00481     0.000884
20050714     0.01450     0.002624
20050715     0.00457     0.001158
20050718    -0.00664    -0.005530
20050719    -0.01414     0.006731
20050720     0.00814     0.004759
20050721    -0.00788    -0.006606
20050722    -0.00581     0.005411
20050725    -0.01695    -0.003769
20050726    -0.00119     0.001733
20050727    -0.00079     0.004573
20050728     0.04628     0.005603
20050729    -0.00247    -0.007671
20050801    -0.00685     0.000948
20050802    -0.00153     0.007099
20050803    -0.00403     0.000739
20050804    -0.01773    -0.007373
20050805    -0.00863    -0.007638
20050808     0.00890    -0.002683
20050809     0.01530     0.006745
20050810    -0.00773    -0.001827
20050811     0.01966     0.007062
20050812    -0.00668    -0.005994
20050815     0.00404     0.002828
20050816    -0.02201    -0.011776
20050817     0.00470     0.000738
20050818    -0.00351    -0.001000
20050819    -0.00098     0.000566
20050822    -0.00900     0.001656
20050823    -0.00790    -0.003405
20050824    -0.01632    -0.006554
20050825     0.00020     0.002315
20050826    -0.00020    -0.006013
20050829    -0.00425     0.005958
20050830    -0.01301    -0.003192
20050831     0.00947     0.009864
20050901    -0.00693     0.001033
20050902    -0.00801    -0.002922
20050906     0.00497     0.012619
20050907    -0.00556     0.002408
20050908    -0.00124    -0.003793
20050909     0.00373     0.007965
20050912     0.00145    -0.000741
20050913    -0.01032    -0.007545
20050914    -0.01668    -0.003281
20050915     0.00276     0.000464
20050916    -0.00656     0.008292
20050919    -0.00979    -0.005566
20050920    -0.00774    -0.007863
20050921     0.01105    -0.009121
20050922     0.03514     0.003652
20050923     0.00476     0.000552
20050926     0.00206     0.000280
20050927    -0.00185     0.000025
20050928    -0.01174     0.001012
20050929     0.02397     0.008867
20050930     0.01974     0.000920
20051003     0.00599    -0.001717
20051004     0.00278    -0.009970
20051005    -0.01444    -0.014887
20051006     0.03734    -0.004096
20051007    -0.01219     0.003701
20051010     0.00549    -0.007166
20051011    -0.00351    -0.002072
20051012    -0.00821    -0.006068
20051013     0.04298    -0.000713
20051014    -0.00038     0.008268
20051017     0.00397     0.002975
20051018    -0.00923    -0.010050
20051019     0.04068     0.014956
20051020    -0.01005    -0.015020
20051021     0.01513     0.001520
20051024     0.01400     0.016777
20051025     0.00000    -0.002368
20051026    -0.00789    -0.004312
20051027    -0.02891    -0.010475
20051028     0.03498     0.016549
20051031     0.01690     0.007176
20051101    -0.00460    -0.003521
20051102     0.02416     0.009977
20051103     0.02081     0.004264
20051104     0.03160     0.000164
20051107     0.00165     0.002188
20051108    -0.02992    -0.003451
20051109     0.00000     0.001690
20051110     0.01593     0.008446
20051111     0.00601     0.003055
20051114     0.00531    -0.000778
20051115    -0.00099    -0.003850
20051116     0.00462     0.001790
20051117     0.02630     0.009414
20051118    -0.00769     0.004401
20051121     0.02970     0.005271
20051122    -0.01097     0.005084
20051123     0.00634     0.003473
20051125    -0.00157     0.002086
20051128    -0.01798    -0.008508
20051129    -0.00932     0.000016
20051130    -0.01265    -0.006362
20051201     0.02266     0.012157
20051202     0.02537     0.000324
20051205     0.00094    -0.002363
20051206    -0.00501     0.001276
20051207    -0.01447    -0.005009
20051208    -0.01563    -0.001217
20051209     0.00843     0.002811
20051212    -0.00707     0.000842
20051213     0.01975     0.005554
20051214     0.00508     0.004190
20051215    -0.00126    -0.001414
20051216    -0.01360    -0.002848
20051219    -0.01731    -0.005839
20051220    -0.01599    -0.000238
20051221     0.01227     0.002517
20051222     0.00819     0.004221
20051223    -0.00715     0.000426
20051227    -0.00033    -0.009553
20051228     0.00033     0.001297
20051229    -0.00164    -0.002981
20051230    -0.01639    -0.004887
20060103     0.02866     0.016430
20060104     0.02592     0.003673
20060105    -0.00189     0.000016
20060106     0.00032     0.009399
20060109    -0.01012     0.003656
20060110    -0.00895    -0.000357
20060111     0.00322     0.003481
20060112    -0.00514    -0.006274
20060113     0.01066     0.001205
20060117    -0.00479    -0.003635
20060118    -0.00032    -0.003897
20060119     0.00707     0.005564
20060120    -0.03321    -0.018326
20060123    -0.00228     0.001847
20060124     0.01554     0.002405
20060125    -0.01140    -0.001721
20060126     0.03722     0.007235
20060127     0.01461     0.007764
20060130    -0.00250     0.001153
20060131    -0.00533    -0.003984
20060201    -0.01073     0.001859
20060202     0.09694    -0.009061
20060203    -0.01512    -0.005359
20060206     0.01800     0.000783
20060207    -0.00493    -0.008095
20060208     0.01166     0.008663
20060209     0.01354    -0.001478
20060210     0.00881     0.002540
20060213    -0.02620    -0.003260
20060214     0.00289     0.010033
20060215     0.01471     0.003504
20060216     0.01904     0.007328
20060217    -0.01283    -0.001660
20060221    -0.00367    -0.003271
20060222     0.02155     0.007513
20060223     0.00411    -0.003775
20060224    -0.00686     0.001274
20060227     0.02171     0.003637
20060228    -0.01035    -0.010401
20060301    -0.00110     0.008261
20060302    -0.02288    -0.001626
20060303     0.00367    -0.001482
20060306     0.00927    -0.006968
20060307    -0.01003    -0.001862
20060308    -0.00563     0.002030
20060309    -0.01216    -0.004881
20060310     0.01346     0.007349
20060313    -0.01017     0.001990
20060314     0.03483     0.010396
20060315     0.00717     0.004270
20060316    -0.00904     0.001773
20060317     0.01189     0.001471
20060320     0.00765    -0.001660
20060321    -0.01654    -0.006015
20060322     0.00772     0.006021
20060323    -0.01176    -0.002582
20060324     0.01356     0.000983
20060327    -0.00082    -0.001028
20060328     0.00027    -0.006438
20060329     0.02541     0.007470
20060330     0.00000    -0.002026
20060331     0.00266    -0.004168
20060403     0.00957     0.002301
20060404     0.00895     0.006257
20060405    -0.02191     0.004311
20060406    -0.00107    -0.001921
20060407     0.01095    -0.010343
20060410     0.00291     0.000849
20060411    -0.01053    -0.007736
20060412     0.01171     0.001205
20060413     0.00737     0.000776
20060417    -0.01123    -0.002940
20060418     0.01875     0.017365
20060419     0.00804     0.001744
20060420    -0.00051     0.001168
20060421    -0.00412    -0.000137
20060424    -0.00233    -0.002417
20060425    -0.01166    -0.004870
20060426    -0.01572     0.002819
20060427    -0.01597     0.003302
20060428     0.00839     0.000680
20060501    -0.00054    -0.004135
20060502     0.01530     0.006145
20060503    -0.01243    -0.004082
20060504     0.03855     0.003364
20060505     0.02166     0.010295
20060508    -0.00934    -0.000830
20060509    -0.02063     0.000362
20060510    -0.00650    -0.001728
20060511    -0.04346    -0.012798
20060512    -0.02436    -0.011241
20060515     0.01823     0.002525
20060516     0.02094    -0.001869
20060517    -0.01754    -0.016841
20060518    -0.01181    -0.006699
20060519     0.00973     0.004137
20060522    -0.00275    -0.003915
20060523    -0.01766    -0.004350
20060524    -0.01068     0.001584
20060525     0.00653     0.011370
20060526    -0.00028     0.005719
20060530    -0.01411    -0.015873
20060531     0.02061     0.008136
20060601     0.01571     0.012298
20060602    -0.00608     0.001952
20060605    -0.01695    -0.017800
20060606    -0.00311    -0.001138
20060607     0.01248    -0.006092
20060608     0.01484     0.001417
20060609    -0.00966    -0.004476
20060612    -0.01310    -0.012697
20060613    -0.00762    -0.010280
20060614     0.02048     0.005189
20060615     0.02565     0.021235
20060616    -0.00489    -0.003678
20060619    -0.01775    -0.009109
20060620    -0.00362    -0.000016
20060621     0.01647     0.009741
20060622    -0.00906    -0.005271
20060623     0.01136    -0.000883
20060626    -0.00027     0.004869
20060627    -0.02055    -0.009084
20060628    -0.00028     0.005487
20060629     0.06269     0.021565
20060630    -0.00553    -0.002098
20060703     0.00689     0.007865
20060705    -0.01210    -0.007249
20060706     0.00852     0.002494
20060707    -0.04857    -0.006750
20060710    -0.01138     0.001470
20060711     0.00982     0.004087
20060712    -0.04308    -0.010939
20060713    -0.01191    -0.012959
20060714    -0.01058    -0.004902
20060717     0.01723    -0.001383
20060718    -0.02453     0.001920
20060719     0.01317     0.018555
20060720    -0.01271    -0.008477
20060721     0.01137    -0.007077
20060724     0.02723     0.016625
20060725     0.01988     0.006321
20060726    -0.03898    -0.000378
20060727    -0.01293    -0.004100
20060728     0.01340     0.012152
20060731     0.00588    -0.001478
20060801    -0.03710    -0.004496
20060802     0.01032     0.006004
20060803    -0.07988     0.001345
20060804    -0.00098    -0.000711
20060807     0.00621    -0.002806
20060808    -0.01494    -0.003363
20060809    -0.02604    -0.004349
20060810     0.01387     0.004629
20060811    -0.00200    -0.003986
20060814     0.00201     0.001160
20060815     0.00768     0.013696
20060816     0.01491     0.007662
20060817     0.02121     0.001582
20060818    -0.00543     0.003715
20060821    -0.01414    -0.003670
20060822    -0.01662     0.001002
20060823    -0.01591    -0.004489
20060824    -0.00202     0.002374
20060825     0.01080    -0.000748
20060828     0.01736     0.005166
20060829    -0.00361     0.001920
20060830     0.01252    -0.000008
20060831     0.00878    -0.000345
20060901     0.02419     0.005515
20060905     0.00724     0.001709
20060906    -0.01532    -0.009891
20060907    -0.01206    -0.004799
20060908     0.00225     0.003787
20060911     0.01026     0.000477
20060912     0.02951     0.010442
20060913     0.01850     0.003777
20060914    -0.00030    -0.001358
20060915     0.02483     0.002727
20060918    -0.00620     0.000993
20060919     0.00119    -0.002172
20060920     0.02969     0.005211
20060921    -0.01932    -0.005395
20060922     0.00000    -0.002466
20060925     0.01294     0.008815
20060926    -0.00522     0.007517
20060927     0.00584     0.000187
20060928    -0.00725     0.001915
20060929    -0.00497    -0.002464
20061002    -0.01263    -0.003391
20061003     0.01160     0.002096
20061004     0.05734     0.012075
20061005     0.07592     0.002222
20061006    -0.00724    -0.002690
20061009    -0.00026     0.000800
20061010    -0.00938     0.002043
20061011    -0.01630    -0.002564
20061012     0.01443     0.009541
20061013    -0.00079     0.002047
20061016     0.01239     0.002512
20061017    -0.01406    -0.003652
20061018    -0.00185     0.001400
20061019    -0.00026     0.000732
20061020    -0.00900     0.001200
20061023     0.02297     0.006152
20061024    -0.00235     0.000261
20061025     0.00654     0.003514
20061026     0.01066     0.004963
20061027    -0.02187    -0.008452
20061030     0.00316     0.000428
20061031    -0.01023     0.000007
20061101    -0.00397    -0.007352
20061102    -0.00745    -0.000344
20061103    -0.02278    -0.002223
20061106     0.02769     0.011346
20061107    -0.01094     0.002218
20061108     0.00701     0.002083
20061109    -0.01098    -0.005333
20061110     0.02356     0.001865
20061113     0.01720     0.002549
20061114     0.00104     0.006356
20061115     0.01273     0.002405
20061116     0.01180     0.002284
20061117    -0.05098     0.001029
20061120    -0.01790    -0.000500
20061121    -0.00490     0.001649
20061122    -0.00520     0.002338
20061124    -0.00192    -0.003656
20061127    -0.01377    -0.013598
20061128    -0.01368     0.003488
20061129     0.01076     0.009202
20061130    -0.01134     0.000822
20061201    -0.00269    -0.002799
20061204     0.01562     0.008885
20061205     0.03049     0.004002
20061206     0.00054    -0.001315
20061207    -0.01031    -0.003971
20061208    -0.00164     0.001812
20061211     0.00577     0.002270
20061212    -0.00928    -0.001047
20061213    -0.00579     0.001169
20061214     0.01441     0.008689
20061215    -0.00492     0.001122
20061218    -0.00412    -0.003230
20061219     0.00717     0.002158
20061220    -0.00301    -0.001417
20061221    -0.00027    -0.003674
20061222    -0.01593    -0.005316
20061226    -0.00391     0.004352
20061227     0.00280     0.007015
20061228    -0.00196    -0.001479
20061229    -0.00840    -0.004513
