19560131    -0.02799
19560229     0.03953
19560329     0.06818
19560430     0.00509
19560531    -0.04919
19560629     0.03716
19560731     0.05075
19560831    -0.03034
19560928    -0.04963
19561031     0.00722
19561130     0.00461
19561231     0.03493
19570131    -0.03204
19570228    -0.01869
19570329     0.02409
19570430     0.04506
19570531     0.03663
19570628    -0.00511
19570731     0.00892
19570830    -0.05000
19570930    -0.05762
19571031    -0.04110
19571129     0.02546
19571231    -0.03745
19580131     0.04991
19580228    -0.01412
19580331     0.03379
19580430     0.03077
19580529     0.02457
19580630     0.02951
19580731     0.04489
19580829     0.01909
19580930     0.04864
19581031     0.02750
19581128     0.03053
19581231     0.05287
19590130     0.00920
19590227     0.01129
19590331     0.00450
19590430     0.03795
19590529     0.01950
19590630     0.00056
19590731     0.03419
19590831    -0.01244
19590930    -0.04488
19591030     0.01568
19591130     0.01845
19591231     0.02802
19600129    -0.06635
19600229     0.01420
19600331    -0.01285
19600429    -0.01533
19600531     0.03398
19600630     0.02304
19600729    -0.02271
19600831     0.03226
19600930    -0.05862
19601031    -0.00480
19601130     0.04849
19601230     0.04846
19610131     0.06388
19610228     0.03697
19610330     0.03058
19610428     0.00566
19610531     0.02581
19610630    -0.02850
19610731     0.02992
19610831     0.02688
19610929    -0.01999
19611031     0.02743
19611130     0.04538
19611229     0.00075
19620131    -0.03618
19620228     0.01950
19620330    -0.00467
19620430    -0.06345
19620531    -0.08468
19620629    -0.08263
19620731     0.06546
19620831     0.02341
19620928    -0.05015
19621031     0.00218
19621130     0.11014
19621231     0.01186
19630131     0.05185
19630228    -0.02193
19630329     0.03292
19630430     0.04744
19630531     0.02005
19630628    -0.01803
19630731    -0.00172
19630830     0.05268
19630930    -0.01190
19631031     0.02771
19631129    -0.00555
19631231     0.02174
19640131     0.02579
19640228     0.01721
19640331     0.01764
19640430     0.00461
19640528     0.01740
19640630     0.01508
19640731     0.02012
19640831    -0.01127
19640930     0.03048
19641030     0.00887
19641130     0.00309
19641231     0.00369
19650129     0.03865
19650226     0.00695
19650331    -0.00972
19650430     0.03365
19650528    -0.00435
19650630    -0.05187
19650730     0.01676
19650831     0.03088
19650930     0.03195
19651029     0.02927
19651130     0.00307
19651231     0.01354
19660131     0.01212
19660228    -0.00862
19660331    -0.02092
19660429     0.02484
19660531    -0.05254
19660630    -0.01032
19660729    -0.01287
19660831    -0.07539
19660930    -0.00696
19661031     0.04229
19661130     0.01752
19661230     0.00621
19670131     0.08553
19670228     0.01094
19670331     0.04338
19670428     0.04161
19670531    -0.03929
19670630     0.02690
19670731     0.04919
19670831    -0.00628
19670929     0.03429
19671031    -0.02743
19671130     0.00790
19671229     0.03370
19680131    -0.03633
19680229    -0.03362
19680329     0.00512
19680430     0.09415
19680531     0.02704
19680628     0.01153
19680730    -0.02202
19680830     0.01804
19680930     0.04445
19681031     0.00904
19681129     0.05850
19681231    -0.03387
19690131    -0.00671
19690228    -0.05364
19690328     0.03051
19690430     0.02053
19690529     0.00504
19690630    -0.06739
19690731    -0.06517
19690829     0.05149
19690930    -0.02259
19691031     0.05564
19691128    -0.03216
19691231    -0.01968
19700130    -0.07325
19700227     0.05671
19700331    -0.00473
19700430    -0.10532
19700529    -0.06435
19700630    -0.05107
19700731     0.07417
19700831     0.05004
19700930     0.04754
19701030    -0.01821
19701130     0.05045
19701231     0.06072
19710129     0.05203
19710226     0.01691
19710331     0.04478
19710430     0.03333
19710528    -0.03641
19710630     0.00312
19710730    -0.04028
19710831     0.04251
19710930    -0.00502
19711029    -0.04068
19711130    -0.00126
19711231     0.09126
19720131     0.02838
19720229     0.03135
19720330     0.00872
19720428     0.00551
19720531     0.01638
19720630    -0.02090
19720731    -0.00425
19720831     0.03597
19720929    -0.00767
19721031     0.00868
19721130     0.04976
19721229     0.01124
19730131    -0.02758
19730228    -0.04449
19730330    -0.00794
19730430    -0.05178
19730531    -0.02451
19730629    -0.00868
19730731     0.05710
19730831    -0.02966
19730928     0.05401
19731031    -0.00030
19731130    -0.12083
19731231     0.01140
19740131     0.00443
19740228     0.00234
19740329    -0.02337
19740430    -0.04596
19740531    -0.04198
19740628    -0.02294
19740731    -0.07088
19740830    -0.08776
19740930    -0.10972
19741031     0.16558
19741129    -0.04105
19741231    -0.02700
19750131     0.14160
19750228     0.05841
19750331     0.03019
19750430     0.04650
19750530     0.05514
19750630     0.05147
19750731    -0.06038
19750829    -0.02356
19750930    -0.03801
19751031     0.05586
19751128     0.03122
19751231    -0.01100
19760130     0.12601
19760227     0.00731
19760331     0.02680
19760430    -0.01039
19760528    -0.00937
19760630     0.04449
19760730    -0.00616
19760831    -0.00143
19760930     0.02448
19761029    -0.02037
19761130     0.00536
19761231     0.06159
19770131    -0.03634
19770228    -0.01576
19770331    -0.00925
19770429     0.00495
19770531    -0.01079
19770630     0.05137
19770729    -0.01281
19770831    -0.01335
19770930     0.00157
19771031    -0.03928
19771130     0.04543
19771230     0.00822
19780131    -0.05520
19780228    -0.00927
19780331     0.03401
19780428     0.08284
19780531     0.02324
19780630    -0.01075
19780731     0.05675
19780831     0.04235
19780929    -0.00689
19781031    -0.11100
19781130     0.03379
19781229     0.01771
19790131     0.04949
19790228    -0.02677
19790330     0.06562
19790430     0.00852
19790531    -0.01358
19790629     0.04685
19790731     0.01499
19790831     0.06473
19790928     0.00143
19791031    -0.07266
19791130     0.06360
19791231     0.02821
19800131     0.06561
19800229     0.00101
19800331    -0.12022
19800430     0.05229
19800530     0.06009
19800630     0.03771
19800731     0.06944
19800829     0.02355
19800930     0.02950
19801031     0.02008
19801128     0.10492
19801231    -0.03441
19810130    -0.04011
19810227     0.01552
19810331     0.04618
19810430    -0.01126
19810529     0.01355
19810630    -0.01023
19810731    -0.00307
19810831    -0.05628
19810930    -0.06377
19811030     0.06018
19811130     0.04585
19811231    -0.02810
19820129    -0.02621
19820226    -0.05113
19820331    -0.01009
19820430     0.04327
19820528    -0.02821
19820630    -0.02391
19820730    -0.02053
19820831     0.11901
19820930     0.01676
19821029     0.11864
19821130     0.05193
19821231     0.01452
19830131     0.04185
19830228     0.03022
19830331     0.03467
19830429     0.07419
19830531     0.01322
19830630     0.03784
19830729    -0.03157
19830831     0.00346
19830930     0.01606
19831031    -0.02805
19831130     0.02956
19831230    -0.01046
19840131    -0.01302
19840229    -0.03907
19840330     0.01339
19840430     0.00253
19840531    -0.05234
19840629     0.02339
19840731    -0.02062
19840831     0.11269
19840928     0.00040
19841031    -0.00007
19841130    -0.01069
19841231     0.02366
19850131     0.08572
19850228     0.01690
19850329    -0.00174
19850430    -0.00220
19850531     0.05578
19850628     0.01708
19850731    -0.00025
19850830    -0.00480
19850930    -0.03983
19851031     0.04444
19851129     0.06923
19851231     0.04306
19860131     0.00983
19860228     0.07250
19860331     0.05388
19860430    -0.00790
19860530     0.05084
19860630     0.01425
19860731    -0.05970
19860829     0.06618
19860930    -0.07901
19861031     0.04931
19861128     0.01508
19861231    -0.02639
19870130     0.12848
19870227     0.04790
19870331     0.02364
19870430    -0.01701
19870529     0.00512
19870630     0.04369
19870731     0.04423
19870831     0.03712
19870930    -0.02079
19871030    -0.22534
19871130    -0.07229
19871231     0.07032
19880129     0.04488
19880229     0.05169
19880331    -0.01660
19880429     0.01099
19880531     0.00044
19880630     0.05145
19880729    -0.00727
19880831    -0.02801
19880930     0.03721
19881031     0.01764
19881130    -0.01641
19881230     0.02107
19890131     0.06610
19890228    -0.01645
19890331     0.02147
19890428     0.04820
19890531     0.03934
19890630    -0.00487
19890731     0.07713
19890831     0.02213
19890929    -0.00147
19891031    -0.02928
19891130     0.01782
19891229     0.01830
19900131    -0.07012
19900228     0.01490
19900330     0.02414
19900430    -0.02829
19900531     0.08894
19900629    -0.00420
19900731    -0.00940
19900831    -0.09190
19900928    -0.05384
19901031    -0.01250
19901130     0.06574
19901231     0.02952
19910131     0.04908
19910228     0.07585
19910328     0.02892
19910430     0.00332
19910531     0.04073
19910628    -0.04403
19910731     0.04680
19910830     0.02682
19910930    -0.01097
19911031     0.01779
19911129    -0.03728
19911231     0.10678
19920131    -0.00119
19920228     0.01334
19920331    -0.02370
19920430     0.01344
19920529     0.00642
19920630    -0.01928
19920731     0.03987
19920831    -0.02080
19920930     0.01243
19921030     0.01100
19921130     0.04020
19921231     0.01775
19930129     0.01264
19930226     0.00540
19930331     0.02508
19930430    -0.02540
19930528     0.02959
19930630     0.00545
19930730    -0.00079
19930831     0.03948
19930930     0.00064
19931029     0.01806
19931130    -0.01761
19931231     0.01952
19940131     0.03147
19940228    -0.02422
19940331    -0.04580
19940429     0.00948
19940531     0.00936
19940630    -0.02791
19940729     0.03063
19940831     0.04260
19940930    -0.01836
19941031     0.01452
19941130    -0.03722
19941230     0.01261
19950131     0.02040
19950228     0.03961
19950331     0.02704
19950428     0.02505
19950531     0.03401
19950630     0.03117
19950731     0.04078
19950831     0.00931
19950929     0.03636
19951031    -0.01132
19951130     0.04271
19951229     0.01519
19960131     0.02815
19960229     0.01631
19960329     0.01093
19960430     0.02551
19960531     0.02680
19960628    -0.00828
19960731    -0.05382
19960830     0.03247
19960930     0.05301
19961031     0.01363
19961129     0.06550
19961231    -0.01136
19970131     0.05345
19970228    -0.00114
19970331    -0.04482
19970430     0.04230
19970530     0.07162
19970630     0.04415
19970731     0.07650
19970829    -0.03627
19970930     0.05843
19971031    -0.03453
19971128     0.03046
19971231     0.01777
19980130     0.00453
19980227     0.07323
19980331     0.05132
19980430     0.01086
19980529    -0.02576
19980630     0.03199
19980731    -0.02326
19980831    -0.15767
19980930     0.06384
19981030     0.07436
19981130     0.06199
19981231     0.06305
19990129     0.03835
19990226    -0.03810
19990331     0.03786
19990430     0.04899
19990528    -0.02074
19990630     0.05096
19990730    -0.03061
19990831    -0.00999
19990930    -0.02284
19991029     0.06203
19991130     0.03686
19991231     0.08390
20000131    -0.03976
20000229     0.03174
20000331     0.05353
20000428    -0.05947
20000531    -0.03905
20000630     0.05165
20000731    -0.01710
20000831     0.07637
20000929    -0.05114
20001031    -0.02456
20001130    -0.10255
20001229     0.02035
20010131     0.03953
20010228    -0.09927
20010330    -0.07029
20010430     0.08390
20010531     0.01056
20010629    -0.01748
20010731    -0.01835
20010831    -0.05908
20010928    -0.09154
20011031     0.02797
20011130     0.07873
20011231     0.01784
20020131    -0.01606
20020228    -0.02171
20020328     0.04469
20020430    -0.04965
20020531    -0.01046
20020628    -0.07025
20020731    -0.08114
20020830     0.00798
20020930    -0.09998
20021031     0.07496
20021129     0.06128
20021231    -0.05331
20030131    -0.02343
20030228    -0.01541
20030331     0.01034
20030430     0.08280
20030530     0.06351
20030630     0.01633
20030731     0.02313
20030829     0.02491
20030930    -0.00910
20031031     0.06033
20031128     0.01661
20031231     0.04553
20040130     0.02307
20040227     0.01547
20040331    -0.01069
20040430    -0.02422
20040528     0.01413
20040630     0.02157
20040730    -0.03769
20040831     0.00271
20040930     0.02056
20041029     0.01781
20041130     0.04824
20041231     0.03518
20050131    -0.02656
20050228     0.02269
20050331    -0.01694
20050429    -0.02518
20050531     0.03774
20050630     0.01153
20050729     0.04333
20050831    -0.00594
20050930     0.01061
20051031    -0.02078
20051130     0.04041
20051230     0.00348
20060131     0.04011
20060228    -0.00164
20060331     0.01906
20060428     0.01297
20060531    -0.03104
20060630    -0.00039
20060731    -0.00180
20060831     0.02508
20060929     0.01945
20061031     0.03707
20061130     0.02372
20061229     0.01082
