1976 06 01   7.06
1976 07 01   6.85
1976 08 01   6.63
1976 09 01   6.42
1976 10 01   5.98
1976 11 01   5.81
1976 12 01   5.38
1977 01 01   5.90
1977 02 01   6.09
1977 03 01   6.09
1977 04 01   5.96
1977 05 01   6.25
1977 06 01   6.13
1977 07 01   6.27
1977 08 01   6.61
1977 09 01   6.71
1977 10 01   7.11
1977 11 01   7.14
1977 12 01   7.18
1978 01 01   7.49
1978 02 01   7.57
1978 03 01   7.58
1978 04 01   7.74
1978 05 01   8.01
1978 06 01   8.24
1978 07 01   8.49
1978 08 01   8.37
1978 09 01   8.57
1978 10 01   8.85
1978 11 01   9.42
1978 12 01   9.72
1979 01 01   9.86
1979 02 01   9.72
1979 03 01   9.79
1979 04 01   9.78
1979 05 01   9.78
1979 06 01   9.22
1979 07 01   9.14
1979 08 01   9.46
1979 09 01  10.06
1979 10 01  11.49
1979 11 01  11.81
1979 12 01  11.39
1980 01 01  11.50
1980 02 01  13.42
1980 03 01  14.88
1980 04 01  12.50
1980 05 01   9.45
1980 06 01   8.73
1980 07 01   9.03
1980 08 01  10.53
1980 09 01  11.57
1980 10 01  12.09
1980 11 01  13.51
1980 12 01  14.08
1981 01 01  13.26
1981 02 01  13.92
1981 03 01  13.57
1981 04 01  14.15
1981 05 01  15.46
1981 06 01  14.51
1981 07 01  15.35
1981 08 01  16.28
1981 09 01  16.46
1981 10 01  15.54
1981 11 01  12.88
1981 12 01  13.29
1982 01 01  14.57
1982 02 01  14.82
1982 03 01  14.19
1982 04 01  14.20
1982 05 01  13.78
1982 06 01  14.47
1982 07 01  13.80
1982 08 01  12.32
1982 09 01  11.78
1982 10 01  10.19
1982 11 01   9.80
1982 12 01   9.66
1983 01 01   9.33
1983 02 01   9.64
1983 03 01   9.66
1983 04 01   9.57
1983 05 01   9.49
1983 06 01  10.18
1983 07 01  10.69
1983 08 01  11.07
1983 09 01  10.79
1983 10 01  10.57
1983 11 01  10.66
1983 12 01  10.84
1984 01 01  10.64
1984 02 01  10.79
1984 03 01  11.31
1984 04 01  11.69
1984 05 01  12.47
1984 06 01  12.91
1984 07 01  12.88
1984 08 01  12.43
1984 09 01  12.20
1984 10 01  11.60
1984 11 01  10.65
1984 12 01  10.18
1985 01 01   9.93
1985 02 01  10.17
1985 03 01  10.71
1985 04 01  10.09
1985 05 01   9.39
1985 06 01   8.69
1985 07 01   8.77
1985 08 01   8.94
1985 09 01   8.98
1985 10 01   8.86
1985 11 01   8.58
1985 12 01   8.15
1986 01 01   8.14
1986 02 01   7.97
1986 03 01   7.21
1986 04 01   6.70
1986 05 01   7.07
1986 06 01   7.18
1986 07 01   6.67
1986 08 01   6.33
1986 09 01   6.35
1986 10 01   6.28
1986 11 01   6.28
1986 12 01   6.27
1987 01 01   6.23
1987 02 01   6.40
1987 03 01   6.42
1987 04 01   7.02
1987 05 01   7.76
1987 06 01   7.57
1987 07 01   7.44
1987 08 01   7.75
1987 09 01   8.34
1987 10 01   8.40
1987 11 01   7.69
1987 12 01   7.86
1988 01 01   7.63
1988 02 01   7.18
1988 03 01   7.27
1988 04 01   7.59
1988 05 01   8.00
1988 06 01   8.03
1988 07 01   8.28
1988 08 01   8.63
1988 09 01   8.46
1988 10 01   8.35
1988 11 01   8.67
1988 12 01   9.09
1989 01 01   9.18
1989 02 01   9.37
1989 03 01   9.68
1989 04 01   9.45
1989 05 01   9.02
1989 06 01   8.41
1989 07 01   7.82
1989 08 01   8.14
1989 09 01   8.28
1989 10 01   7.98
1989 11 01   7.80
1989 12 01   7.78
1990 01 01   8.09
1990 02 01   8.37
1990 03 01   8.63
1990 04 01   8.72
1990 05 01   8.64
1990 06 01   8.35
1990 07 01   8.16
1990 08 01   8.06
1990 09 01   8.08
1990 10 01   7.88
1990 11 01   7.60
1990 12 01   7.31
1991 01 01   7.13
1991 02 01   6.87
1991 03 01   7.10
1991 04 01   6.95
1991 05 01   6.78
1991 06 01   6.96
1991 07 01   6.92
1991 08 01   6.43
1991 09 01   6.18
1991 10 01   5.91
1991 11 01   5.56
1991 12 01   5.03
1992 01 01   4.96
1992 02 01   5.21
1992 03 01   5.69
1992 04 01   5.34
1992 05 01   5.23
1992 06 01   5.05
1992 07 01   4.36
1992 08 01   4.19
1992 09 01   3.89
1992 10 01   4.08
1992 11 01   4.58
1992 12 01   4.67
1993 01 01   4.39
1993 02 01   4.10
1993 03 01   3.95
1993 04 01   3.84
1993 05 01   3.98
1993 06 01   4.16
1993 07 01   4.07
1993 08 01   4.00
1993 09 01   3.85
1993 10 01   3.87
1993 11 01   4.16
1993 12 01   4.21
1994 01 01   4.14
1994 02 01   4.47
1994 03 01   5.00
1994 04 01   5.55
1994 05 01   5.97
1994 06 01   5.93
1994 07 01   6.13
1994 08 01   6.18
1994 09 01   6.39
1994 10 01   6.73
1994 11 01   7.15
1994 12 01   7.59
1995 01 01   7.51
1995 02 01   7.11
1995 03 01   6.78
1995 04 01   6.57
1995 05 01   6.17
1995 06 01   5.72
1995 07 01   5.78
1995 08 01   5.98
1995 09 01   5.81
1995 10 01   5.70
1995 11 01   5.48
1995 12 01   5.32
1996 01 01   5.11
1996 02 01   5.03
1996 03 01   5.66
1996 04 01   5.96
1996 05 01   6.10
1996 06 01   6.30
1996 07 01   6.27
1996 08 01   6.03
1996 09 01   6.23
1996 10 01   5.91
1996 11 01   5.70
1996 12 01   5.78
1997 01 01   6.01
1997 02 01   5.90
1997 03 01   6.22
1997 04 01   6.45
1997 05 01   6.28
1997 06 01   6.09
1997 07 01   5.89
1997 08 01   5.94
1997 09 01   5.88
1997 10 01   5.77
1997 11 01   5.71
1997 12 01   5.72
1998 01 01   5.36
1998 02 01   5.42
1998 03 01   5.56
1998 04 01   5.56
1998 05 01   5.59
1998 06 01   5.52
1998 07 01   5.46
1998 08 01   5.27
1998 09 01   4.67
1998 10 01   4.09
1998 11 01   4.54
1998 12 01   4.51
1999 01 01   4.62
1999 02 01   4.88
1999 03 01   5.05
1999 04 01   4.98
1999 05 01   5.25
1999 06 01   5.62
1999 07 01   5.55
1999 08 01   5.68
1999 09 01   5.66
1999 10 01   5.86
1999 11 01   5.86
1999 12 01   6.10
2000 01 01   6.44
2000 02 01   6.61
2000 03 01   6.53
2000 04 01   6.40
2000 05 01   6.81
2000 06 01   6.48
2000 07 01   6.34
2000 08 01   6.23
2000 09 01   6.08
2000 10 01   5.91
2000 11 01   5.88
2000 12 01   5.35
2001 01 01   4.76
2001 02 01   4.66
2001 03 01   4.34
2001 04 01   4.23
2001 05 01   4.26
2001 06 01   4.08
2001 07 01   4.04
2001 08 01   3.76
2001 09 01   3.12
2001 10 01   2.73
2001 11 01   2.78
2001 12 01   3.11
2002 01 01   3.03
2002 02 01   3.02
2002 03 01   3.56
2002 04 01   3.42
2002 05 01   3.26
2002 06 01   2.99
2002 07 01   2.56
2002 08 01   2.13
2002 09 01   2.00
2002 10 01   1.91
2002 11 01   1.92
2002 12 01   1.84
2003 01 01   1.74
2003 02 01   1.63
2003 03 01   1.57
2003 04 01   1.62
2003 05 01   1.42
2003 06 01   1.23
2003 07 01   1.47
2003 08 01   1.86
2003 09 01   1.71
2003 10 01   1.75
2003 11 01   1.93
2003 12 01   1.91
2004 01 01   1.76
2004 02 01   1.74
2004 03 01   1.58
2004 04 01   2.07
2004 05 01   2.53
2004 06 01   2.76
2004 07 01   2.64
2004 08 01   2.51
2004 09 01   2.53
2004 10 01   2.58
2004 11 01   2.85
2004 12 01   3.01
2005 01 01   3.22
2005 02 01   3.38
2005 03 01   3.73
2005 04 01   3.65
2005 05 01   3.64
2005 06 01   3.64
2005 07 01   3.87
2005 08 01   4.04
2005 09 01   3.95
2005 10 01   4.27
2005 11 01   4.42
2005 12 01   4.40
2006 01 01   4.40
2006 02 01   4.67
2006 03 01   4.73
2006 04 01   4.89
2006 05 01   4.97
2006 06 01   5.12
2006 07 01   5.12
2006 08 01   4.90
2006 09 01   4.77
2006 10 01   4.80
2006 11 01   4.74
2006 12 01   4.67
2007 01 01   4.88
2007 02 01   4.85
2007 03 01   4.57
